00000011
800001547
800000507
800001071
800000027
800000521
800001581
800001089
800000029
800001599
800000527
800001107
800000041
800001613
800000533
800001109
800000063
800001619
800000549
800001121
800000083
800001649
800000557
800001131
800000087
800001677
800000561
800001151
800000107
800001731
800001173
800000573
800001733
800000147
800001179
800000599
800001749
800000153
800001211
800000609
800001767
800000171
800001247
800000623
800001809
800000209
800001259
800000627
800001857
800000233
800001269
800000629
800001949
800000249
800001271
800000657
800001967
800000261
800001277
800000659
800001989
800000269
800001281
800000711
800001991
800000287
800001343
800000741
800000317
800001347
800000749
800000321
800001359
800000759
800000359
800001409
800000777
800000371
800001463
800000779
800000429
800000809
800000447
800000821
800000449
800000857
800000473
800000867
800000479
800000917
800000483
800000923
800000933
800000953
800000963
800000983
